### 2019-05-18 17:59:40 Update:

- gcr.io/istio-release/sidecar_injector:release-1.0-20190518-09-15
- gcr.io/istio-release/servicegraph:release-1.0-20190518-09-15
- gcr.io/istio-release/servicegraph:release-1.1-20190518-09-15
- gcr.io/istio-release/sidecar_injector:master-20190518-09-15
- gcr.io/istio-release/sidecar_injector:release-1.1-20190518-09-15
- gcr.io/istio-release/pilot:release-1.0-20190518-09-15
- gcr.io/istio-release/pilot:release-1.1-20190518-09-15
- gcr.io/istio-release/pilot:master-20190518-09-15
- gcr.io/istio-release/node-agent-k8s:release-1.1-20190518-09-15
- gcr.io/istio-release/node-agent-k8s:master-20190518-09-15
- gcr.io/istio-release/proxyv2:master-20190518-09-15
- gcr.io/istio-release/proxyv2:release-1.0-20190518-09-15
- gcr.io/istio-release/proxyv2:release-1.1-20190518-09-15
- gcr.io/istio-release/node-agent:release-1.0-20190518-09-15
- gcr.io/istio-release/citadel:master-20190518-09-15
- gcr.io/istio-release/citadel:release-1.1-20190518-09-15
- gcr.io/istio-release/citadel:release-1.0-20190518-09-15
- gcr.io/istio-release/install-cni:master-20190518-09-15
- gcr.io/istio-release/servicegraph_debug:release-1.0-20190518-09-15
- gcr.io/istio-release/install-cni:release-1.1-20190518-09-15
- gcr.io/istio-release/citadel-test:release-1.0-20190518-09-15
- gcr.io/istio-release/proxy_debug:master-20190518-09-15
- gcr.io/istio-release/galley:master-20190518-09-15
- gcr.io/istio-release/galley:release-1.0-20190518-09-15
- gcr.io/istio-release/galley:release-1.1-20190518-09-15
- gcr.io/istio-release/proxy_debug:release-1.0-20190518-09-15
- gcr.io/istio-release/mixer_codegen:master-20190518-09-15
- gcr.io/istio-release/mixer_codegen:release-1.1-20190518-09-15
- gcr.io/istio-release/proxytproxy:master-20190518-09-15
- gcr.io/istio-release/proxytproxy:release-1.1-20190518-09-15
- gcr.io/istio-release/test_policybackend:release-1.0-20190518-09-15
- gcr.io/istio-release/test_policybackend:master-20190518-09-15
- gcr.io/istio-release/test_policybackend:release-1.1-20190518-09-15
- gcr.io/istio-release/mixer:master-20190518-09-15
- gcr.io/istio-release/proxy_debug:release-1.1-20190518-09-15
- gcr.io/istio-release/mixer:release-1.0-20190518-09-15
- gcr.io/istio-release/proxy_init:master-20190518-09-15
- gcr.io/istio-release/proxy_init:release-1.0-20190518-09-15
- gcr.io/istio-release/mixer:release-1.1-20190518-09-15
- gcr.io/istio-release/proxy_init:release-1.1-20190518-09-15
- gcr.io/istio-release/kubectl:release-1.1-20190518-09-15
- gcr.io/istio-release/kubectl:master-20190518-09-15
- gcr.io/istio-release/mixer_debug:release-1.0-20190518-09-15
- gcr.io/istio-release/node-agent-test:release-1.0-20190518-09-15
- gcr.io/istio-release/app:master-20190518-09-15
- gcr.io/istio-release/app:release-1.0-20190518-09-15
- gcr.io/istio-release/app:release-1.1-20190518-09-15
### 2019-05-18 18:01:09 Update:

- gcr.io/linkerd-io/proxy:git-6df0df2a
- gcr.io/linkerd-io/debug:git-6df0df2a
- gcr.io/linkerd-io/web:git-6df0df2a
- gcr.io/linkerd-io/cni-plugin:git-6df0df2a
- gcr.io/linkerd-io/cli-bin:git-6df0df2a
- gcr.io/linkerd-io/grafana:git-6df0df2a
- gcr.io/linkerd-io/controller:git-6df0df2a
### 2019-05-18 18:08:22 Update:

- gcr.io/spinnaker-marketplace/deck:2.9.0-20190517180000
- gcr.io/spinnaker-marketplace/deck:2.9.0-20190517112809
- gcr.io/spinnaker-marketplace/deck:2.9.0-20190517172808
- gcr.io/spinnaker-marketplace/deck:2.8.7-20190518050309
- gcr.io/spinnaker-marketplace/front50:0.17.0-20190517172808
- gcr.io/spinnaker-marketplace/deck:2.9.0-20190517144347
- gcr.io/spinnaker-marketplace/deck:2.9.0-20190517142809
- gcr.io/spinnaker-marketplace/front50:0.17.0-20190517190542
- gcr.io/spinnaker-marketplace/echo:2.5.0-20190517142809
- gcr.io/spinnaker-marketplace/echo:2.5.0-20190517180000
- gcr.io/spinnaker-marketplace/rosco:0.12.0-20190517172808
- gcr.io/spinnaker-marketplace/echo:2.5.0-20190517172808
- gcr.io/spinnaker-marketplace/rosco:0.12.0-20190517180000
- gcr.io/spinnaker-marketplace/gate:1.8.0-20190517142809
- gcr.io/spinnaker-marketplace/clouddriver:4.5.0-20190517112809
- gcr.io/spinnaker-marketplace/clouddriver:4.5.0-20190517190542
