### 2019-06-05 18:12:44 Update:

- gcr.io/istio-release/citadel:release-1.0-20190605-09-15
- gcr.io/istio-release/citadel:release-1.2-20190605-09-15
- gcr.io/istio-release/citadel:release-1.1-20190605-09-15
- gcr.io/istio-release/citadel-test:release-1.0-20190605-09-15
- gcr.io/istio-release/node-agent-k8s:master-20190605-09-15
- gcr.io/istio-release/node-agent-k8s:release-1.1-20190605-09-15
- gcr.io/istio-release/citadel:master-20190605-09-15
- gcr.io/istio-release/proxytproxy:release-1.1-20190605-09-15
- gcr.io/istio-release/proxytproxy:release-1.2-20190605-09-15
- gcr.io/istio-release/proxytproxy:master-20190605-09-15
- gcr.io/istio-release/node-agent-k8s:release-1.2-20190605-09-15
- gcr.io/istio-release/node-agent:release-1.0-20190605-09-15
- gcr.io/istio-release/proxy_init:master-20190605-09-15
- gcr.io/istio-release/proxy_init:release-1.0-20190605-09-15
- gcr.io/istio-release/proxy_init:release-1.1-20190605-09-15
- gcr.io/istio-release/proxy_init:release-1.2-20190605-09-15
- gcr.io/istio-release/node-agent-test:release-1.0-20190605-09-15
- gcr.io/istio-release/proxyv2:master-20190605-09-15
- gcr.io/istio-release/proxyv2:release-1.0-20190605-09-15
- gcr.io/istio-release/proxyv2:release-1.1-20190605-09-15
- gcr.io/istio-release/pilot:master-20190605-09-15
- gcr.io/istio-release/proxyv2:release-1.2-20190605-09-15
- gcr.io/istio-release/pilot:release-1.0-20190605-09-15
- gcr.io/istio-release/pilot:release-1.1-20190605-09-15
- gcr.io/istio-release/install-cni:master-20190605-09-15
- gcr.io/istio-release/pilot:release-1.2-20190605-09-15
- gcr.io/istio-release/install-cni:release-1.1-20190605-09-15
- gcr.io/istio-release/install-cni:release-1.2-20190605-09-15
- gcr.io/istio-release/servicegraph_debug:release-1.0-20190605-09-15
- gcr.io/istio-release/galley:release-1.0-20190605-09-15
- gcr.io/istio-release/galley:release-1.1-20190605-09-15
- gcr.io/istio-release/galley:master-20190605-09-15
- gcr.io/istio-release/galley:release-1.2-20190605-09-15
- gcr.io/istio-release/app:master-20190605-09-15
- gcr.io/istio-release/app:release-1.0-20190605-09-15
- gcr.io/istio-release/app:release-1.1-20190605-09-15
- gcr.io/istio-release/app:release-1.2-20190605-09-15
- gcr.io/istio-release/servicegraph:release-1.0-20190605-09-15
- gcr.io/istio-release/servicegraph:release-1.1-20190605-09-15
- gcr.io/istio-release/sidecar_injector:master-20190605-09-15
- gcr.io/istio-release/sidecar_injector:release-1.0-20190605-09-15
- gcr.io/istio-release/proxy_debug:release-1.0-20190605-09-15
- gcr.io/istio-release/sidecar_injector:release-1.1-20190605-09-15
- gcr.io/istio-release/proxy_debug:release-1.1-20190605-09-15
- gcr.io/istio-release/sidecar_injector:release-1.2-20190605-09-15
- gcr.io/istio-release/proxy_debug:release-1.2-20190605-09-15
- gcr.io/istio-release/kubectl:master-20190605-09-15
- gcr.io/istio-release/kubectl:release-1.1-20190605-09-15
- gcr.io/istio-release/kubectl:release-1.2-20190605-09-15
- gcr.io/istio-release/mixer_debug:release-1.0-20190605-09-15
- gcr.io/istio-release/mixer_codegen:master-20190605-09-15
- gcr.io/istio-release/mixer_codegen:release-1.1-20190605-09-15
- gcr.io/istio-release/mixer_codegen:release-1.2-20190605-09-15
- gcr.io/istio-release/proxy_debug:master-20190605-09-15
- gcr.io/istio-release/mixer:master-20190605-09-15
- gcr.io/istio-release/mixer:release-1.0-20190605-09-15
- gcr.io/istio-release/mixer:release-1.1-20190605-09-15
- gcr.io/istio-release/mixer:release-1.2-20190605-09-15
- gcr.io/istio-release/test_policybackend:master-20190605-09-15
- gcr.io/istio-release/test_policybackend:release-1.1-20190605-09-15
- gcr.io/istio-release/test_policybackend:release-1.0-20190605-09-15
- gcr.io/istio-release/test_policybackend:release-1.2-20190605-09-15
### 2019-06-05 18:16:43 Update:

- gcr.io/linkerd-io/proxy-init:git-9a9ccafd
- gcr.io/linkerd-io/debug:git-1abeb7bf
- gcr.io/linkerd-io/cni-plugin:git-9a9ccafd
- gcr.io/linkerd-io/cni-plugin:git-1abeb7bf
- gcr.io/linkerd-io/debug:git-9a9ccafd
- gcr.io/linkerd-io/cni-plugin:git-06a69f69
- gcr.io/linkerd-io/debug:git-06a69f69
- gcr.io/linkerd-io/grafana:git-1abeb7bf
- gcr.io/linkerd-io/grafana:git-9a9ccafd
- gcr.io/linkerd-io/grafana:git-06a69f69
- gcr.io/linkerd-io/grafana:git-1a74cec1
- gcr.io/linkerd-io/grafana:git-4b8f18d0
- gcr.io/linkerd-io/grafana:git-249d1c26
- gcr.io/linkerd-io/cli-bin:git-06a69f69
- gcr.io/linkerd-io/cli-bin:git-9a9ccafd
- gcr.io/linkerd-io/cli-bin:git-1abeb7bf
- gcr.io/linkerd-io/web:git-1abeb7bf
- gcr.io/linkerd-io/go-deps:84e77435
- gcr.io/linkerd-io/web:git-06a69f69
- gcr.io/linkerd-io/web:git-9a9ccafd
- gcr.io/linkerd-io/web:git-4b8f18d0
- gcr.io/linkerd-io/web:git-1a74cec1
- gcr.io/linkerd-io/web:git-249d1c26
- gcr.io/linkerd-io/proxy:fix-2863-0
- gcr.io/linkerd-io/proxy:git-1abeb7bf
- gcr.io/linkerd-io/proxy:git-1a74cec1
- gcr.io/linkerd-io/proxy:git-06a69f69
- gcr.io/linkerd-io/proxy:git-4b8f18d0
- gcr.io/linkerd-io/proxy:git-249d1c26
- gcr.io/linkerd-io/proxy:git-9a9ccafd
- gcr.io/linkerd-io/proxy:liza-hyper-fix-1
- gcr.io/linkerd-io/proxy:liza-kill-reqs
- gcr.io/linkerd-io/controller:git-06a69f69
- gcr.io/linkerd-io/controller:git-1a74cec1
- gcr.io/linkerd-io/controller:git-1abeb7bf
- gcr.io/linkerd-io/controller:git-9a9ccafd
- gcr.io/linkerd-io/controller:git-249d1c26
- gcr.io/linkerd-io/controller:git-4b8f18d0
### 2019-06-05 18:23:55 Update:

- gcr.io/spinnaker-marketplace/deck:2.10.0-20190604172809
- gcr.io/spinnaker-marketplace/fiat:1.5.2-20190604112808
- gcr.io/spinnaker-marketplace/gate:1.9.0-20190604172809
- gcr.io/spinnaker-marketplace/deck:2.10.0-20190604112808
- gcr.io/spinnaker-marketplace/orca:2.8.0-20190604202809
- gcr.io/spinnaker-marketplace/deck:2.10.0-20190604142810
- gcr.io/spinnaker-marketplace/kayenta:0.8.2-20190604172809
- gcr.io/spinnaker-marketplace/deck:2.10.0-20190604202809
- gcr.io/spinnaker-marketplace/clouddriver:4.5.0-20190605050309
- gcr.io/spinnaker-marketplace/clouddriver:4.6.0-20190605034010
- gcr.io/spinnaker-marketplace/clouddriver:6.0.0-20190604172809
- gcr.io/spinnaker-marketplace/clouddriver:6.0.0-20190604202809
