### 2019-06-14 18:08:55 Update:

- gcr.io/google-containers/node-problem-detector:v0.6.4
### 2019-06-14 18:18:07 Update:

- gcr.io/istio-release/mixer:release-1.1-20190614-09-15
- gcr.io/istio-release/galley:release-1.0-20190614-09-15
- gcr.io/istio-release/citadel:master-20190614-09-15
- gcr.io/istio-release/mixer:master-20190614-09-15
- gcr.io/istio-release/mixer:release-1.2-20190614-09-15
- gcr.io/istio-release/citadel:release-1.1-20190614-09-15
- gcr.io/istio-release/citadel:release-1.2-20190614-09-15
- gcr.io/istio-release/citadel:release-1.0-20190614-09-15
- gcr.io/istio-release/galley:master-20190614-09-15
- gcr.io/istio-release/mixer:release-1.0-20190614-09-15
- gcr.io/istio-release/galley:release-1.2-20190614-09-15
- gcr.io/istio-release/servicegraph_debug:release-1.0-20190614-09-15
- gcr.io/istio-release/galley:release-1.1-20190614-09-15
- gcr.io/istio-release/proxyv2:master-20190614-09-15
- gcr.io/istio-release/proxyv2:release-1.0-20190614-09-15
- gcr.io/istio-release/proxyv2:release-1.1-20190614-09-15
- gcr.io/istio-release/proxyv2:release-1.2-20190614-09-15
- gcr.io/istio-release/install-cni:master-20190614-09-15
- gcr.io/istio-release/install-cni:release-1.1-20190614-09-15
- gcr.io/istio-release/install-cni:release-1.2-20190614-09-15
- gcr.io/istio-release/servicegraph:release-1.0-20190614-09-15
- gcr.io/istio-release/servicegraph:release-1.1-20190614-09-15
- gcr.io/istio-release/kubectl:master-20190614-09-15
- gcr.io/istio-release/kubectl:release-1.1-20190614-09-15
- gcr.io/istio-release/kubectl:release-1.2-20190614-09-15
- gcr.io/istio-release/sidecar_injector:master-20190614-09-15
- gcr.io/istio-release/sidecar_injector:release-1.0-20190614-09-15
- gcr.io/istio-release/sidecar_injector:release-1.1-20190614-09-15
- gcr.io/istio-release/sidecar_injector:release-1.2-20190614-09-15
- gcr.io/istio-release/mixer_debug:release-1.0-20190614-09-15
- gcr.io/istio-release/node-agent-k8s:master-20190614-09-15
- gcr.io/istio-release/node-agent-k8s:release-1.1-20190614-09-15
- gcr.io/istio-release/node-agent:release-1.0-20190614-09-15
- gcr.io/istio-release/node-agent-k8s:release-1.2-20190614-09-15
- gcr.io/istio-release/citadel-test:release-1.0-20190614-09-15
- gcr.io/istio-release/mixer_codegen:master-20190614-09-15
- gcr.io/istio-release/mixer_codegen:release-1.1-20190614-09-15
- gcr.io/istio-release/mixer_codegen:release-1.2-20190614-09-15
- gcr.io/istio-release/proxytproxy:master-20190614-09-15
- gcr.io/istio-release/proxytproxy:release-1.1-20190614-09-15
- gcr.io/istio-release/proxytproxy:release-1.2-20190614-09-15
- gcr.io/istio-release/test_policybackend:master-20190614-09-15
- gcr.io/istio-release/test_policybackend:release-1.1-20190614-09-15
- gcr.io/istio-release/test_policybackend:release-1.2-20190614-09-15
- gcr.io/istio-release/node-agent-test:release-1.0-20190614-09-15
- gcr.io/istio-release/pilot:release-1.0-20190614-09-15
- gcr.io/istio-release/pilot:release-1.1-20190614-09-15
- gcr.io/istio-release/pilot:master-20190614-09-15
- gcr.io/istio-release/proxy_init:master-20190614-09-15
- gcr.io/istio-release/pilot:release-1.2-20190614-09-15
- gcr.io/istio-release/proxy_init:release-1.0-20190614-09-15
- gcr.io/istio-release/proxy_init:release-1.1-20190614-09-15
- gcr.io/istio-release/proxy_init:release-1.2-20190614-09-15
- gcr.io/istio-release/app:master-20190614-09-15
- gcr.io/istio-release/app:release-1.0-20190614-09-15
- gcr.io/istio-release/app:release-1.1-20190614-09-15
- gcr.io/istio-release/app:release-1.2-20190614-09-15
- gcr.io/istio-release/proxy_debug:release-1.0-20190614-09-15
- gcr.io/istio-release/proxy_debug:master-20190614-09-15
- gcr.io/istio-release/proxy_debug:release-1.1-20190614-09-15
- gcr.io/istio-release/proxy_debug:release-1.2-20190614-09-15
### 2019-06-14 18:22:40 Update:

- gcr.io/linkerd-io/debug:git-25f80264
- gcr.io/linkerd-io/debug:git-28025eeb
- gcr.io/linkerd-io/debug:git-b11c7dce
- gcr.io/linkerd-io/debug:edge-19.6.13
- gcr.io/linkerd-io/debug:edge-19.6.2
- gcr.io/linkerd-io/controller:edge-19.6.13
- gcr.io/linkerd-io/controller:git-25f80264
- gcr.io/linkerd-io/debug:git-374a4dbc
- gcr.io/linkerd-io/controller:git-28025eeb
- gcr.io/linkerd-io/controller:edge-19.6.2
- gcr.io/linkerd-io/proxy:edge-19.6.13
- gcr.io/linkerd-io/proxy:edge-19.6.2
- gcr.io/linkerd-io/proxy:git-25f80264
- gcr.io/linkerd-io/proxy:git-28025eeb
- gcr.io/linkerd-io/proxy:git-374a4dbc
- gcr.io/linkerd-io/proxy:git-b11c7dce
- gcr.io/linkerd-io/proxy:ver-classify-response-errors-0
- gcr.io/linkerd-io/grafana:git-28025eeb
- gcr.io/linkerd-io/controller:git-374a4dbc
- gcr.io/linkerd-io/grafana:edge-19.6.2
- gcr.io/linkerd-io/grafana:edge-19.6.13
- gcr.io/linkerd-io/grafana:git-b11c7dce
- gcr.io/linkerd-io/grafana:git-25f80264
- gcr.io/linkerd-io/controller:git-b11c7dce
- gcr.io/linkerd-io/grafana:git-374a4dbc
- gcr.io/linkerd-io/web:edge-19.6.13
- gcr.io/linkerd-io/web:edge-19.6.2
- gcr.io/linkerd-io/web:git-25f80264
- gcr.io/linkerd-io/web:git-28025eeb
- gcr.io/linkerd-io/web:git-374a4dbc
- gcr.io/linkerd-io/web:git-b11c7dce
- gcr.io/linkerd-io/cni-plugin:edge-19.6.13
- gcr.io/linkerd-io/cni-plugin:edge-19.6.2
- gcr.io/linkerd-io/cni-plugin:git-25f80264
- gcr.io/linkerd-io/cni-plugin:git-28025eeb
- gcr.io/linkerd-io/cni-plugin:git-374a4dbc
- gcr.io/linkerd-io/cni-plugin:git-b11c7dce
- gcr.io/linkerd-io/cli-bin:edge-19.6.13
- gcr.io/linkerd-io/cli-bin:edge-19.6.2
- gcr.io/linkerd-io/cli-bin:git-25f80264
- gcr.io/linkerd-io/cli-bin:git-28025eeb
- gcr.io/linkerd-io/cli-bin:git-374a4dbc
- gcr.io/linkerd-io/cli-bin:git-b11c7dce
### 2019-06-14 18:29:05 Update:

- gcr.io/spinnaker-marketplace/orca:2.8.0-20190613172809
- gcr.io/spinnaker-marketplace/deck:2.10.0-20190613172809
- gcr.io/spinnaker-marketplace/deck:2.10.0-20190613112809
- gcr.io/spinnaker-marketplace/clouddriver:6.0.0-20190613202809
- gcr.io/spinnaker-marketplace/clouddriver:4.6.2-20190614034009
- gcr.io/spinnaker-marketplace/clouddriver:6.0.0-20190613172809
- gcr.io/spinnaker-marketplace/clouddriver:6.0.0-20190613130010
