### 2019-06-01 18:14:15 Update:

- gcr.io/istio-release/node-agent:release-1.0-20190601-09-16
- gcr.io/istio-release/node-agent-test:release-1.0-20190601-09-16
- gcr.io/istio-release/pilot:master-20190531-23-28
- gcr.io/istio-release/pilot:master-20190531-19-10
- gcr.io/istio-release/pilot:master-20190601-09-16
- gcr.io/istio-release/node-agent-k8s:master-20190601-09-16
- gcr.io/istio-release/node-agent-k8s:release-1.2-20190601-09-16
- gcr.io/istio-release/node-agent-k8s:release-1.1-20190601-09-16
- gcr.io/istio-release/node-agent-k8s:master-20190531-23-28
- gcr.io/istio-release/node-agent-k8s:master-20190531-19-10
- gcr.io/istio-release/pilot:release-1.0-20190601-09-16
- gcr.io/istio-release/pilot:release-1.1-20190601-09-16
- gcr.io/istio-release/pilot:release-1.2-20190601-09-16
- gcr.io/istio-release/sidecar_injector:master-20190531-19-10
- gcr.io/istio-release/sidecar_injector:master-20190531-23-28
- gcr.io/istio-release/sidecar_injector:master-20190601-09-16
- gcr.io/istio-release/sidecar_injector:release-1.0-20190601-09-16
- gcr.io/istio-release/sidecar_injector:release-1.1-20190601-09-16
- gcr.io/istio-release/sidecar_injector:release-1.2-20190601-09-16
- gcr.io/istio-release/servicegraph_debug:release-1.0-20190601-09-16
- gcr.io/istio-release/citadel:master-20190531-23-28
- gcr.io/istio-release/citadel:master-20190531-19-10
- gcr.io/istio-release/citadel:master-20190601-09-16
- gcr.io/istio-release/citadel:release-1.0-20190601-09-16
- gcr.io/istio-release/citadel:release-1.1-20190601-09-16
- gcr.io/istio-release/citadel:release-1.2-20190601-09-16
- gcr.io/istio-release/servicegraph:release-1.0-20190601-09-16
- gcr.io/istio-release/servicegraph:release-1.1-20190601-09-16
- gcr.io/istio-release/proxyv2:master-20190531-19-10
- gcr.io/istio-release/proxyv2:master-20190531-23-28
- gcr.io/istio-release/proxyv2:release-1.0-20190601-09-16
- gcr.io/istio-release/proxyv2:release-1.1-20190601-09-16
- gcr.io/istio-release/proxyv2:master-20190601-09-16
- gcr.io/istio-release/proxyv2:release-1.2-20190601-09-16
- gcr.io/istio-release/proxytproxy:master-20190531-19-10
- gcr.io/istio-release/proxytproxy:master-20190531-23-28
- gcr.io/istio-release/proxytproxy:master-20190601-09-16
- gcr.io/istio-release/proxytproxy:release-1.1-20190601-09-16
- gcr.io/istio-release/proxytproxy:release-1.2-20190601-09-16
- gcr.io/istio-release/citadel-test:release-1.0-20190601-09-16
- gcr.io/istio-release/install-cni:master-20190531-19-10
- gcr.io/istio-release/install-cni:master-20190531-23-28
- gcr.io/istio-release/install-cni:master-20190601-09-16
- gcr.io/istio-release/install-cni:release-1.1-20190601-09-16
- gcr.io/istio-release/install-cni:release-1.2-20190601-09-16
- gcr.io/istio-release/proxy_debug:master-20190531-19-10
- gcr.io/istio-release/proxy_debug:master-20190531-23-28
- gcr.io/istio-release/proxy_debug:release-1.0-20190601-09-16
- gcr.io/istio-release/kubectl:master-20190531-19-10
- gcr.io/istio-release/proxy_debug:master-20190601-09-16
- gcr.io/istio-release/kubectl:master-20190531-23-28
- gcr.io/istio-release/proxy_debug:release-1.1-20190601-09-16
- gcr.io/istio-release/kubectl:master-20190601-09-16
- gcr.io/istio-release/kubectl:release-1.1-20190601-09-16
- gcr.io/istio-release/kubectl:release-1.2-20190601-09-16
- gcr.io/istio-release/mixer_codegen:master-20190531-19-10
- gcr.io/istio-release/mixer_codegen:master-20190531-23-28
- gcr.io/istio-release/mixer_codegen:master-20190601-09-16
- gcr.io/istio-release/mixer_codegen:release-1.1-20190601-09-16
- gcr.io/istio-release/mixer_codegen:release-1.2-20190601-09-16
- gcr.io/istio-release/proxy_debug:release-1.2-20190601-09-16
- gcr.io/istio-release/galley:master-20190531-19-10
- gcr.io/istio-release/galley:master-20190531-23-28
- gcr.io/istio-release/galley:master-20190601-09-16
- gcr.io/istio-release/galley:release-1.0-20190601-09-16
- gcr.io/istio-release/galley:release-1.1-20190601-09-16
- gcr.io/istio-release/galley:release-1.2-20190601-09-16
- gcr.io/istio-release/mixer:master-20190531-23-28
- gcr.io/istio-release/mixer:master-20190531-19-10
- gcr.io/istio-release/mixer:master-20190601-09-16
- gcr.io/istio-release/mixer:release-1.0-20190601-09-16
- gcr.io/istio-release/mixer:release-1.1-20190601-09-16
- gcr.io/istio-release/mixer:release-1.2-20190601-09-16
- gcr.io/istio-release/mixer_debug:release-1.0-20190601-09-16
- gcr.io/istio-release/proxy_init:master-20190531-19-10
- gcr.io/istio-release/proxy_init:master-20190531-23-28
- gcr.io/istio-release/proxy_init:master-20190601-09-16
- gcr.io/istio-release/proxy_init:release-1.1-20190601-09-16
- gcr.io/istio-release/proxy_init:release-1.0-20190601-09-16
- gcr.io/istio-release/proxy_init:release-1.2-20190601-09-16
- gcr.io/istio-release/test_policybackend:master-20190531-19-10
- gcr.io/istio-release/test_policybackend:master-20190531-23-28
- gcr.io/istio-release/test_policybackend:release-1.0-20190601-09-16
- gcr.io/istio-release/test_policybackend:release-1.1-20190601-09-16
- gcr.io/istio-release/test_policybackend:master-20190601-09-16
- gcr.io/istio-release/test_policybackend:release-1.2-20190601-09-16
- gcr.io/istio-release/app:master-20190531-19-10
- gcr.io/istio-release/app:master-20190531-23-28
- gcr.io/istio-release/app:master-20190601-09-16
- gcr.io/istio-release/app:release-1.0-20190601-09-16
- gcr.io/istio-release/app:release-1.1-20190601-09-16
- gcr.io/istio-release/app:release-1.2-20190601-09-16
### 2019-06-01 18:18:23 Update:

- gcr.io/linkerd-io/proxy-init:dev-91dfe2a6-alex
- gcr.io/linkerd-io/debug:git-acbd2f56
- gcr.io/linkerd-io/debug:dev-91dfe2a6-alex
- gcr.io/linkerd-io/debug:git-18d5b067
- gcr.io/linkerd-io/grafana:dev-91dfe2a6-alex
- gcr.io/linkerd-io/prometheus:v2.7.1
- gcr.io/linkerd-io/proxy-init:edge-19.5.4
- gcr.io/linkerd-io/proxy-init:git-18d5b067
- gcr.io/linkerd-io/grafana:edge-19.5.4
- gcr.io/linkerd-io/proxy-init:git-acbd2f56
- gcr.io/linkerd-io/debug:edge-19.5.4
- gcr.io/linkerd-io/proxy-init:git-1acc5e1e
- gcr.io/linkerd-io/grafana:git-18d5b067
- gcr.io/linkerd-io/debug:git-590249c6
- gcr.io/linkerd-io/proxy-init:git-590249c6
- gcr.io/linkerd-io/grafana:git-1acc5e1e
- gcr.io/linkerd-io/grafana:git-acbd2f56
- gcr.io/linkerd-io/proxy-init:stable-2.3.1
- gcr.io/linkerd-io/grafana:git-590249c6
- gcr.io/linkerd-io/grafana:stable-2.3.1
- gcr.io/linkerd-io/proxy:dev-91dfe2a6-alex
- gcr.io/linkerd-io/proxy:edge-19.5.4
- gcr.io/linkerd-io/proxy:git-18d5b067
- gcr.io/linkerd-io/proxy:git-590249c6
- gcr.io/linkerd-io/proxy:git-1acc5e1e
- gcr.io/linkerd-io/proxy:git-acbd2f56
- gcr.io/linkerd-io/proxy:liza-metric-count-0
- gcr.io/linkerd-io/proxy:liza-balance-count
- gcr.io/linkerd-io/proxy:stable-2.3.1
- gcr.io/linkerd-io/controller:edge-19.5.4
- gcr.io/linkerd-io/controller:dev-91dfe2a6-alex
- gcr.io/linkerd-io/controller:git-acbd2f56
- gcr.io/linkerd-io/controller:git-18d5b067
- gcr.io/linkerd-io/controller:git-1acc5e1e
- gcr.io/linkerd-io/controller:git-590249c6
- gcr.io/linkerd-io/web:dev-91dfe2a6-alex
- gcr.io/linkerd-io/controller:stable-2.3.1
- gcr.io/linkerd-io/web:edge-19.5.4
- gcr.io/linkerd-io/web:git-18d5b067
- gcr.io/linkerd-io/web:git-1acc5e1e
- gcr.io/linkerd-io/web:git-590249c6
- gcr.io/linkerd-io/web:git-acbd2f56
- gcr.io/linkerd-io/web:stable-2.3.1
- gcr.io/linkerd-io/cli-bin:git-18d5b067
- gcr.io/linkerd-io/cli-bin:edge-19.5.4
- gcr.io/linkerd-io/cni-plugin:dev-91dfe2a6-alex
- gcr.io/linkerd-io/cli-bin:git-590249c6
- gcr.io/linkerd-io/cli-bin:git-acbd2f56
- gcr.io/linkerd-io/cni-plugin:git-18d5b067
- gcr.io/linkerd-io/cli-bin:stable-2.3.1
- gcr.io/linkerd-io/cni-plugin:git-acbd2f56
- gcr.io/linkerd-io/cni-plugin:edge-19.5.4
- gcr.io/linkerd-io/cni-plugin:git-590249c6
- gcr.io/linkerd-io/cni-plugin:stable-2.3.1
### 2019-06-01 18:24:48 Update:

- gcr.io/spinnaker-marketplace/front50:0.18.0-20190531142809
- gcr.io/spinnaker-marketplace/orca:2.8.0-20190531142809
- gcr.io/spinnaker-marketplace/fiat:1.5.1-20190531142809
- gcr.io/spinnaker-marketplace/orca:2.8.0-20190531123301
- gcr.io/spinnaker-marketplace/orca:2.8.0-20190531172810
- gcr.io/spinnaker-marketplace/kayenta:0.8.2-20190531142809
- gcr.io/spinnaker-marketplace/echo:2.6.0-20190531142809
- gcr.io/spinnaker-marketplace/monitoring-daemon:0.13.1-20190531172810
- gcr.io/spinnaker-marketplace/igor:1.4.0-20190531142809
- gcr.io/spinnaker-marketplace/rosco:0.13.0-20190531142809
- gcr.io/spinnaker-marketplace/clouddriver:5.7.0-20190531112809
- gcr.io/spinnaker-marketplace/clouddriver:5.7.0-20190531172810
- gcr.io/spinnaker-marketplace/halyard:1.21.0-20190531142809
