### 2018-12-21 16:45:27 Update:

- gcr.io/istio-release/mixer_codegen:release-1.1-20181220-09-15
- gcr.io/istio-release/mixer_codegen:master-20181220-09-15
- gcr.io/istio-release/mixer:release-1.0-20181220-13-02
- gcr.io/istio-release/install-cni:master-20181220-09-15
- gcr.io/istio-release/kubectl:master-20181220-09-15
- gcr.io/istio-release/proxytproxy:master-20181220-09-15
- gcr.io/istio-release/proxytproxy:release-1.1-20181220-09-15
- gcr.io/istio-release/mixer:release-1.1-20181220-09-15
- gcr.io/istio-release/mixer:release-1.0-20181220-09-15
- gcr.io/istio-release/mixer:master-20181220-09-15
- gcr.io/istio-release/kubectl:release-1.1-20181220-09-15
- gcr.io/istio-release/mixer_debug:release-1.0-20181220-13-02
- gcr.io/istio-release/mixer_debug:release-1.0-20181220-09-15
- gcr.io/istio-release/app:master-20181220-09-15
- gcr.io/istio-release/app:release-1.0-20181220-09-15
- gcr.io/istio-release/app:release-1.1-20181220-09-15
- gcr.io/istio-release/app:release-1.0-20181220-13-02
- gcr.io/istio-release/proxy_init:master-20181220-09-15
- gcr.io/istio-release/proxy_init:release-1.0-20181220-09-15
- gcr.io/istio-release/proxy_init:release-1.1-20181220-09-15
- gcr.io/istio-release/proxy_init:release-1.0-20181220-13-02
- gcr.io/istio-release/galley:master-20181220-09-15
- gcr.io/istio-release/galley:release-1.0-20181220-09-15
- gcr.io/istio-release/galley:release-1.0-20181220-13-02
- gcr.io/istio-release/galley:release-1.1-20181220-09-15
- gcr.io/istio-release/sidecar_injector:master-20181220-09-15
- gcr.io/istio-release/sidecar_injector:release-1.0-20181220-09-15
- gcr.io/istio-release/sidecar_injector:release-1.0-20181220-13-02
- gcr.io/istio-release/sidecar_injector:release-1.1-20181220-09-15
- gcr.io/istio-release/citadel:master-20181220-09-15
- gcr.io/istio-release/citadel:release-1.0-20181220-09-15
- gcr.io/istio-release/citadel:release-1.0-20181220-13-02
- gcr.io/istio-release/citadel:release-1.1-20181220-09-15
- gcr.io/istio-release/servicegraph:master-20181220-09-15
- gcr.io/istio-release/servicegraph:release-1.0-20181220-09-15
- gcr.io/istio-release/servicegraph:release-1.0-20181220-13-02
- gcr.io/istio-release/servicegraph:release-1.1-20181220-09-15
- gcr.io/istio-release/servicegraph_debug:release-1.0-20181220-09-15
- gcr.io/istio-release/citadel-test:release-1.0-20181220-13-02
- gcr.io/istio-release/citadel-test:release-1.0-20181220-09-15
- gcr.io/istio-release/servicegraph_debug:release-1.0-20181220-13-02
- gcr.io/istio-release/node-agent-k8s:master-20181220-09-15
- gcr.io/istio-release/node-agent-k8s:release-1.1-20181220-09-15
- gcr.io/istio-release/node-agent:release-1.0-20181220-09-15
- gcr.io/istio-release/node-agent:release-1.0-20181220-13-02
- gcr.io/istio-release/proxyv2:master-20181220-09-15
- gcr.io/istio-release/proxyv2:release-1.0-20181220-09-15
- gcr.io/istio-release/proxyv2:release-1.0-20181220-13-02
- gcr.io/istio-release/proxyv2:release-1.1-20181220-09-15
- gcr.io/istio-release/pilot:release-1.0-20181220-09-15
- gcr.io/istio-release/pilot:master-20181220-09-15
- gcr.io/istio-release/pilot:release-1.0-20181220-13-02
- gcr.io/istio-release/pilot:release-1.1-20181220-09-15
- gcr.io/istio-release/node-agent-test:release-1.0-20181220-09-15
- gcr.io/istio-release/test_policybackend:master-20181220-09-15
- gcr.io/istio-release/node-agent-test:release-1.0-20181220-13-02
- gcr.io/istio-release/test_policybackend:release-1.0-20181220-09-15
- gcr.io/istio-release/test_policybackend:release-1.1-20181220-09-15
- gcr.io/istio-release/test_policybackend:release-1.0-20181220-13-02
- gcr.io/istio-release/proxy_debug:master-20181220-09-15
- gcr.io/istio-release/proxy_debug:release-1.0-20181220-09-15
- gcr.io/istio-release/proxy_debug:release-1.1-20181220-09-15
- gcr.io/istio-release/proxy_debug:release-1.0-20181220-13-02
### 2018-12-21 16:49:47 Update:

- gcr.io/linkerd-io/proxy-init:edge-18.12.4
- gcr.io/linkerd-io/proxy-init:dev-6e282186-thomas
- gcr.io/linkerd-io/proxy-init:git-f1b0983f
- gcr.io/linkerd-io/proxy-init:git-07cbfe27
- gcr.io/linkerd-io/proxy-init:git-a9511aba
- gcr.io/linkerd-io/proxy-init:git-20bb1bbc
- gcr.io/linkerd-io/proxy-init:git-612ebe2b
- gcr.io/linkerd-io/cli-bin:dev-6e282186-thomas
- gcr.io/linkerd-io/cli-bin:edge-18.12.4
- gcr.io/linkerd-io/controller:git-f1b0983f
- gcr.io/linkerd-io/cli-bin:git-07cbfe27
- gcr.io/linkerd-io/cli-bin:git-20bb1bbc
- gcr.io/linkerd-io/cli-bin:git-612ebe2b
- gcr.io/linkerd-io/cli-bin:git-a9511aba
- gcr.io/linkerd-io/cli-bin:git-f1b0983f
- gcr.io/linkerd-io/controller:dev-6e282186-thomas
- gcr.io/linkerd-io/controller:edge-18.12.4
- gcr.io/linkerd-io/controller:git-07cbfe27
- gcr.io/linkerd-io/controller:git-612ebe2b
- gcr.io/linkerd-io/go-deps:4b31aa9b
- gcr.io/linkerd-io/controller:git-a9511aba
- gcr.io/linkerd-io/controller:git-20bb1bbc
- gcr.io/linkerd-io/grafana:git-07cbfe27
- gcr.io/linkerd-io/grafana:edge-18.12.4
- gcr.io/linkerd-io/grafana:dev-6e282186-thomas
- gcr.io/linkerd-io/grafana:git-20bb1bbc
- gcr.io/linkerd-io/web:git-20bb1bbc
- gcr.io/linkerd-io/grafana:git-612ebe2b
- gcr.io/linkerd-io/grafana:git-a9511aba
- gcr.io/linkerd-io/grafana:git-f1b0983f
- gcr.io/linkerd-io/web:dev-6e282186-thomas
- gcr.io/linkerd-io/web:edge-18.12.4
- gcr.io/linkerd-io/web:git-07cbfe27
- gcr.io/linkerd-io/proxy:edge-18.12.4
- gcr.io/linkerd-io/web:git-612ebe2b
- gcr.io/linkerd-io/web:git-a9511aba
- gcr.io/linkerd-io/web:git-f1b0983f
- gcr.io/linkerd-io/proxy:git-612ebe2b
- gcr.io/linkerd-io/proxy:git-07cbfe27
- gcr.io/linkerd-io/proxy:git-20bb1bbc
- gcr.io/linkerd-io/proxy:git-a9511aba
- gcr.io/linkerd-io/proxy:dev-6e282186-thomas
- gcr.io/linkerd-io/proxy:git-f1b0983f
### 2018-12-21 16:55:00 Update:

- gcr.io/spinnaker-marketplace/deck:2.5.6-20181220144307
- gcr.io/spinnaker-marketplace/deck:2.7.0-20181221022808
- gcr.io/spinnaker-marketplace/deck:2.6.1-20181220153244
- gcr.io/spinnaker-marketplace/orca:1.1.3-20181220144307
- gcr.io/spinnaker-marketplace/orca:2.1.0-20181221022808
- gcr.io/spinnaker-marketplace/orca:2.0.1-20181220142907
- gcr.io/spinnaker-marketplace/deck:2.7.0-20181220113910
- gcr.io/spinnaker-marketplace/echo:2.3.0-20181221022808
- gcr.io/spinnaker-marketplace/clouddriver:4.2.0-20181221022808
- gcr.io/spinnaker-marketplace/clouddriver:4.2.0-20181220153244
### 2018-12-21 21:20:13 Update:

- gcr.io/istio-release/mixer_codegen:master-20181221-09-15
- gcr.io/istio-release/mixer:release-1.0-20181221-09-15
- gcr.io/istio-release/servicegraph_debug:release-1.0-20181221-09-15
- gcr.io/istio-release/mixer_debug:release-1.0-20181221-09-15
- gcr.io/istio-release/app:master-20181221-09-15
- gcr.io/istio-release/citadel-test:release-1.0-20181221-09-15
- gcr.io/istio-release/kubectl:master-20181221-09-15
- gcr.io/istio-release/app:release-1.0-20181221-09-15
- gcr.io/istio-release/mixer:master-20181221-09-15
- gcr.io/istio-release/install-cni:master-20181221-09-15
- gcr.io/istio-release/citadel:master-20181221-09-15
- gcr.io/istio-release/citadel:release-1.0-20181221-09-15
- gcr.io/istio-release/node-agent-k8s:master-20181221-09-15
- gcr.io/istio-release/galley:release-1.0-20181221-09-15
- gcr.io/istio-release/galley:master-20181221-09-15
- gcr.io/istio-release/proxytproxy:master-20181221-09-15
- gcr.io/istio-release/servicegraph:master-20181221-09-15
- gcr.io/istio-release/node-agent:release-1.0-20181221-09-15
- gcr.io/istio-release/servicegraph:release-1.0-20181221-09-15
- gcr.io/istio-release/sidecar_injector:master-20181221-09-15
- gcr.io/istio-release/pilot:master-20181221-09-15
- gcr.io/istio-release/sidecar_injector:release-1.0-20181221-09-15
- gcr.io/istio-release/pilot:release-1.0-20181221-09-15
- gcr.io/istio-release/proxyv2:master-20181221-09-15
- gcr.io/istio-release/node-agent-test:release-1.0-20181221-09-15
- gcr.io/istio-release/proxyv2:release-1.0-20181221-09-15
- gcr.io/istio-release/proxy_init:release-1.0-20181221-09-15
- gcr.io/istio-release/test_policybackend:master-20181221-09-15
- gcr.io/istio-release/proxy_init:master-20181221-09-15
- gcr.io/istio-release/test_policybackend:release-1.0-20181221-09-15
- gcr.io/istio-release/proxy_debug:master-20181221-09-15
- gcr.io/istio-release/proxy_debug:release-1.0-20181221-09-15
