### 2019-05-01 17:45:12 Update:

- gcr.io/google-containers/kube-addon-manager-arm64:v9.0.1
- gcr.io/google-containers/kube-addon-manager-ppc64le:v8.9.1
- gcr.io/google-containers/kube-addon-manager-amd64:v8.9.1
- gcr.io/google-containers/kube-addon-manager:v8.9.1
- gcr.io/google-containers/kube-addon-manager-ppc64le:v9.0.1
- gcr.io/google-containers/kube-addon-manager-amd64:v9.0.1
- gcr.io/google-containers/kube-addon-manager:v9.0.1
- gcr.io/google-containers/kube-addon-manager-arm64:v8.9.1
- gcr.io/google-containers/kube-addon-manager-s390x:v8.9.1
- gcr.io/google-containers/kube-addon-manager-s390x:v9.0.1
- gcr.io/google-containers/kube-addon-manager-arm:v9.0.1
- gcr.io/google-containers/kube-addon-manager-arm:v8.9.1
- gcr.io/google-containers/cos-kernel-headers:20190430-R00-00
### 2019-05-01 17:51:45 Update:

- gcr.io/istio-release/install-cni:release-1.1-20190501-09-16
- gcr.io/istio-release/servicegraph:release-1.0-20190501-09-16
- gcr.io/istio-release/install-cni:master-20190501-09-16
- gcr.io/istio-release/mixer_codegen:master-20190501-09-16
- gcr.io/istio-release/mixer_codegen:release-1.1-20190501-09-16
- gcr.io/istio-release/node-agent:release-1.0-20190501-09-16
- gcr.io/istio-release/node-agent-k8s:release-1.1-20190501-09-16
- gcr.io/istio-release/node-agent-k8s:master-20190501-09-16
- gcr.io/istio-release/kubectl:release-1.1-20190501-09-16
- gcr.io/istio-release/kubectl:master-20190501-09-16
- gcr.io/istio-release/citadel-test:release-1.0-20190501-09-16
- gcr.io/istio-release/mixer:master-20190501-09-16
- gcr.io/istio-release/mixer:release-1.0-20190501-09-16
- gcr.io/istio-release/mixer:release-1.1-20190501-09-16
- gcr.io/istio-release/node-agent-test:release-1.0-20190501-09-16
- gcr.io/istio-release/citadel:master-20190501-09-16
- gcr.io/istio-release/citadel:release-1.1-20190501-09-16
- gcr.io/istio-release/citadel:release-1.0-20190501-09-16
- gcr.io/istio-release/galley:release-1.0-20190501-09-16
- gcr.io/istio-release/galley:master-20190501-09-16
- gcr.io/istio-release/galley:release-1.1-20190501-09-16
- gcr.io/istio-release/pilot:master-20190501-09-16
- gcr.io/istio-release/pilot:release-1.0-20190501-09-16
- gcr.io/istio-release/app:master-20190501-09-16
- gcr.io/istio-release/pilot:release-1.1-20190501-09-16
- gcr.io/istio-release/app:release-1.0-20190501-09-16
- gcr.io/istio-release/app:release-1.1-20190501-09-16
- gcr.io/istio-release/proxy_init:master-20190501-09-16
- gcr.io/istio-release/proxytproxy:master-20190501-09-16
- gcr.io/istio-release/proxy_init:release-1.0-20190501-09-16
- gcr.io/istio-release/proxytproxy:release-1.1-20190501-09-16
- gcr.io/istio-release/proxy_init:release-1.1-20190501-09-16
- gcr.io/istio-release/test_policybackend:release-1.1-20190501-09-16
- gcr.io/istio-release/test_policybackend:master-20190501-09-16
- gcr.io/istio-release/mixer_debug:release-1.0-20190501-09-16
- gcr.io/istio-release/test_policybackend:release-1.0-20190501-09-16
- gcr.io/istio-release/servicegraph:release-1.1-20190501-09-16
- gcr.io/istio-release/sidecar_injector:master-20190501-09-16
- gcr.io/istio-release/sidecar_injector:release-1.0-20190501-09-16
- gcr.io/istio-release/sidecar_injector:release-1.1-20190501-09-16
- gcr.io/istio-release/proxyv2:master-20190501-09-16
- gcr.io/istio-release/servicegraph_debug:release-1.0-20190501-09-16
- gcr.io/istio-release/proxyv2:release-1.0-20190501-09-16
- gcr.io/istio-release/proxyv2:release-1.1-20190501-09-16
- gcr.io/istio-release/proxy_debug:master-20190501-09-16
- gcr.io/istio-release/proxy_debug:release-1.0-20190501-09-16
- gcr.io/istio-release/proxy_debug:release-1.1-20190501-09-16
